------------------------------------------------------------------------------------------------------------------------
Vector testing report
Params:
    conf: "conf/check_1600786810.hocon"

Collected 105 files with 0 errors

------------------------------------------------------------------------------------------------------------------------
Metric: "auroc"
                                                            scores_valid                                                              scores_test                                                             
                                                                    mean  t_pm t_int_l t_int_h   std                           values        mean  t_pm t_int_l t_int_h   std                           values
model_name feature_name                                                                                                                                                                                       
lgbm       embedding_base_001                                      0.510 0.014   0.496   0.523 0.011  [0.505 0.501 0.522 0.521 0.500]       0.510 0.010   0.500   0.520 0.008  [0.519 0.504 0.502 0.509 0.518]
           embedding_base_002                                      0.519 0.016   0.503   0.535 0.013  [0.513 0.505 0.521 0.540 0.517]       0.518 0.026   0.492   0.544 0.021  [0.507 0.516 0.490 0.531 0.544]
           embedding_base_003                                      0.527 0.014   0.513   0.541 0.011  [0.522 0.511 0.526 0.541 0.533]       0.517 0.015   0.502   0.533 0.012  [0.529 0.528 0.501 0.508 0.520]
           embedding_base_004                                      0.522 0.011   0.511   0.533 0.009  [0.523 0.509 0.525 0.534 0.520]       0.520 0.017   0.504   0.537 0.013  [0.536 0.526 0.507 0.505 0.525]
           embedding_base_005                                      0.516 0.005   0.511   0.521 0.004  [0.513 0.510 0.520 0.516 0.518]       0.522 0.016   0.506   0.538 0.013  [0.516 0.539 0.510 0.532 0.512]
           embedding_base_006                                      0.525 0.014   0.511   0.538 0.011  [0.530 0.511 0.525 0.539 0.517]       0.524 0.024   0.500   0.548 0.019  [0.538 0.528 0.490 0.534 0.532]
           embedding_base_007                                      0.526 0.013   0.513   0.539 0.010  [0.520 0.522 0.523 0.544 0.520]       0.515 0.015   0.500   0.530 0.012  [0.525 0.519 0.495 0.515 0.524]
           embedding_base_008                                      0.527 0.014   0.513   0.542 0.012  [0.524 0.524 0.531 0.545 0.513]       0.524 0.014   0.510   0.538 0.011  [0.536 0.515 0.512 0.523 0.534]
           embedding_base_009                                      0.525 0.006   0.520   0.531 0.005  [0.525 0.526 0.518 0.529 0.529]       0.519 0.006   0.513   0.526 0.005  [0.524 0.525 0.516 0.513 0.519]
           embedding_base_010                                      0.534 0.009   0.525   0.543 0.007  [0.544 0.533 0.524 0.535 0.533]       0.525 0.015   0.510   0.540 0.012  [0.541 0.527 0.509 0.528 0.518]
           embedding_node_count_01000_001                          0.515 0.017   0.498   0.533 0.014  [0.502 0.500 0.525 0.518 0.533]       0.506 0.022   0.485   0.528 0.017  [0.523 0.502 0.507 0.520 0.479]
           embedding_node_count_01000_002                          0.509 0.025   0.484   0.534 0.020  [0.500 0.503 0.539 0.486 0.519]       0.505 0.013   0.492   0.518 0.011  [0.522 0.503 0.507 0.495 0.499]
           embedding_node_count_01000_003                          0.512 0.017   0.495   0.529 0.014  [0.510 0.499 0.534 0.502 0.515]       0.518 0.016   0.502   0.534 0.013  [0.538 0.516 0.511 0.504 0.521]
           embedding_node_count_01000_004                          0.516 0.014   0.502   0.529 0.011  [0.505 0.509 0.523 0.510 0.531]       0.513 0.019   0.494   0.532 0.015  [0.518 0.528 0.512 0.518 0.487]
           embedding_node_count_01000_005                          0.518 0.016   0.502   0.534 0.013  [0.507 0.514 0.530 0.506 0.533]       0.523 0.029   0.494   0.552 0.023  [0.544 0.514 0.550 0.511 0.496]
           embedding_node_count_01000_006                          0.514 0.010   0.505   0.524 0.008  [0.501 0.513 0.519 0.518 0.521]       0.514 0.022   0.493   0.536 0.017  [0.515 0.518 0.539 0.508 0.491]
           embedding_node_count_01000_007                          0.515 0.011   0.504   0.526 0.009  [0.509 0.511 0.531 0.509 0.515]       0.515 0.009   0.506   0.524 0.007  [0.506 0.520 0.524 0.516 0.509]
           embedding_node_count_01000_008                          0.510 0.023   0.487   0.533 0.019  [0.494 0.518 0.537 0.491 0.512]       0.516 0.013   0.503   0.529 0.010  [0.521 0.510 0.526 0.521 0.500]
           embedding_node_count_01000_009                          0.520 0.015   0.505   0.535 0.012  [0.508 0.526 0.538 0.511 0.516]       0.515 0.018   0.497   0.534 0.015  [0.524 0.511 0.536 0.507 0.498]
           embedding_node_count_01000_010                          0.519 0.019   0.501   0.538 0.015  [0.500 0.536 0.532 0.516 0.511]       0.518 0.013   0.504   0.531 0.011  [0.529 0.512 0.521 0.525 0.502]
           embedding_node_count_01000_max_neg_count_10K_001        0.509 0.013   0.496   0.521 0.010  [0.511 0.493 0.507 0.521 0.512]       0.483 0.023   0.461   0.506 0.018  [0.480 0.513 0.465 0.484 0.474]

------------------------------------------------------------------------------------------------------------------------
Metric: "cnt_features"
                                                            scores_valid scores_test
                                                                    mean        mean
model_name feature_name                                                             
lgbm       embedding_base_001                                        256         256
           embedding_base_002                                        256         256
           embedding_base_003                                        256         256
           embedding_base_004                                        256         256
           embedding_base_005                                        256         256
           embedding_base_006                                        256         256
           embedding_base_007                                        256         256
           embedding_base_008                                        256         256
           embedding_base_009                                        256         256
           embedding_base_010                                        256         256
           embedding_node_count_01000_001                            256         256
           embedding_node_count_01000_002                            256         256
           embedding_node_count_01000_003                            256         256
           embedding_node_count_01000_004                            256         256
           embedding_node_count_01000_005                            256         256
           embedding_node_count_01000_006                            256         256
           embedding_node_count_01000_007                            256         256
           embedding_node_count_01000_008                            256         256
           embedding_node_count_01000_009                            256         256
           embedding_node_count_01000_010                            256         256
           embedding_node_count_01000_max_neg_count_10K_001          256         256

------------------------------------------------------------------------------------------------------------------------
Metric: "cnt_samples"
                                                            scores_valid scores_test
                                                                    mean        mean
model_name feature_name                                                             
lgbm       embedding_base_001                                       1512         840
           embedding_base_002                                       1512         840
           embedding_base_003                                       1512         840
           embedding_base_004                                       1512         840
           embedding_base_005                                       1512         840
           embedding_base_006                                       1512         840
           embedding_base_007                                       1512         840
           embedding_base_008                                       1512         840
           embedding_base_009                                       1512         840
           embedding_base_010                                       1512         840
           embedding_node_count_01000_001                           1512         840
           embedding_node_count_01000_002                           1512         840
           embedding_node_count_01000_003                           1512         840
           embedding_node_count_01000_004                           1512         840
           embedding_node_count_01000_005                           1512         840
           embedding_node_count_01000_006                           1512         840
           embedding_node_count_01000_007                           1512         840
           embedding_node_count_01000_008                           1512         840
           embedding_node_count_01000_009                           1512         840
           embedding_node_count_01000_010                           1512         840
           embedding_node_count_01000_max_neg_count_10K_001         1512         840

------------------------------------------------------------------------------------------------------------------------
Metric: "feature_load_time"
                                                            process_info                                                
                                                                    mean t_pm t_int_l t_int_h std                 values
model_name feature_name                                                                                                 
lgbm       embedding_base_001                                          0    0       0       0 0.0  [0.0 0.0 0.0 0.0 0.0]
           embedding_base_002                                          0    0       0       0 0.0  [0.0 0.0 0.0 0.0 0.0]
           embedding_base_003                                          0    0       0       0 0.0  [0.0 0.0 0.0 0.0 0.0]
           embedding_base_004                                          0    0       0       0 0.0  [0.0 0.0 0.0 0.0 0.0]
           embedding_base_005                                          0    0       0       0 0.0  [0.0 0.0 0.0 0.0 0.0]
           embedding_base_006                                          0    0       0       0 0.0  [0.0 0.0 0.0 0.0 0.0]
           embedding_base_007                                          0    0       0       0 0.0  [0.0 0.0 0.0 0.0 0.0]
           embedding_base_008                                          0    0       0       0 0.0  [0.0 0.0 0.0 0.0 0.0]
           embedding_base_009                                          0    0       0       0 0.0  [0.0 0.0 0.0 0.0 0.0]
           embedding_base_010                                          0    0       0       0 0.0  [0.0 0.0 0.0 0.0 0.0]
           embedding_node_count_01000_001                              0    0       0       0 0.0  [0.0 0.0 0.0 0.0 0.0]
           embedding_node_count_01000_002                              0    0       0       0 0.0  [0.0 0.0 0.0 0.0 0.0]
           embedding_node_count_01000_003                              0    0       0       0 0.0  [0.0 0.0 0.0 0.0 0.0]
           embedding_node_count_01000_004                              0    0       0       0 0.0  [0.0 0.0 0.0 0.0 0.0]
           embedding_node_count_01000_005                              0    0       0       0 0.0  [0.0 0.0 0.0 0.0 0.0]
           embedding_node_count_01000_006                              0    0       0       0 0.0  [0.0 0.0 0.0 0.0 0.0]
           embedding_node_count_01000_007                              0    0       0       0 0.0  [0.0 0.0 0.0 0.0 0.0]
           embedding_node_count_01000_008                              0    0       0       0 0.0  [0.0 0.0 0.0 0.0 0.0]
           embedding_node_count_01000_009                              0    0       0       0 0.0  [0.0 0.0 0.0 0.0 0.0]
           embedding_node_count_01000_010                              0    0       0       0 0.0  [0.0 0.0 0.0 0.0 0.0]
           embedding_node_count_01000_max_neg_count_10K_001            0    0       0       0 0.0  [0.0 0.0 0.0 0.0 0.0]

------------------------------------------------------------------------------------------------------------------------
Metric: "train_fit_transform_time"
                                                            process_info                                                
                                                                    mean t_pm t_int_l t_int_h std                 values
model_name feature_name                                                                                                 
lgbm       embedding_base_001                                          0    0       0       0 0.0  [0.0 0.0 0.0 0.0 0.0]
           embedding_base_002                                          0    0       0       0 0.0  [0.0 0.0 0.0 0.0 0.0]
           embedding_base_003                                          0    0       0       0 0.0  [0.0 0.0 0.0 0.0 0.0]
           embedding_base_004                                          0    0       0       0 0.0  [0.0 0.0 0.0 0.0 0.0]
           embedding_base_005                                          0    0       0       0 0.0  [0.0 0.0 0.0 0.0 0.0]
           embedding_base_006                                          0    0       0       0 0.0  [0.0 0.0 0.0 0.0 0.0]
           embedding_base_007                                          0    0       0       0 0.0  [0.0 0.0 0.0 0.0 0.0]
           embedding_base_008                                          0    0       0       0 0.0  [0.0 0.0 0.0 0.0 0.0]
           embedding_base_009                                          0    0       0       0 0.0  [0.0 0.0 0.0 0.0 0.0]
           embedding_base_010                                          0    0       0       0 0.0  [0.0 0.0 0.0 0.0 0.0]
           embedding_node_count_01000_001                              0    0       0       0 0.0  [0.0 0.0 0.0 0.0 0.0]
           embedding_node_count_01000_002                              0    0       0       0 0.0  [0.0 0.0 0.0 0.0 0.0]
           embedding_node_count_01000_003                              0    0       0       0 0.0  [0.0 0.0 0.0 0.0 0.0]
           embedding_node_count_01000_004                              0    0       0       0 0.0  [0.0 0.0 0.0 0.0 0.0]
           embedding_node_count_01000_005                              0    0       0       0 0.0  [0.0 0.0 0.0 0.0 0.0]
           embedding_node_count_01000_006                              0    0       0       0 0.0  [0.0 0.0 0.0 0.0 0.0]
           embedding_node_count_01000_007                              0    0       0       0 0.0  [0.0 0.0 0.0 0.0 0.0]
           embedding_node_count_01000_008                              0    0       0       0 0.0  [0.0 0.0 0.0 0.0 0.0]
           embedding_node_count_01000_009                              0    0       0       0 0.0  [0.0 0.0 0.0 0.0 0.0]
           embedding_node_count_01000_010                              0    0       0       0 0.0  [0.0 0.0 0.0 0.0 0.0]
           embedding_node_count_01000_max_neg_count_10K_001            0    0       0       0 0.0  [0.0 0.0 0.0 0.0 0.0]

------------------------------------------------------------------------------------------------------------------------
Metric: "feature_transform_time"
                                                            scores_valid                                                 scores_test                                                
                                                                    mean t_pm t_int_l t_int_h std                 values        mean t_pm t_int_l t_int_h std                 values
model_name feature_name                                                                                                                                                             
lgbm       embedding_base_001                                          0    0       0       0 0.0  [0.0 0.0 0.0 0.0 0.0]           0    0       0       0 0.0  [0.0 0.0 0.0 0.0 0.0]
           embedding_base_002                                          0    0       0       0 0.0  [0.0 0.0 0.0 0.0 0.0]           0    0       0       0 0.0  [0.0 0.0 0.0 0.0 0.0]
           embedding_base_003                                          0    0       0       0 0.0  [0.0 0.0 0.0 0.0 0.0]           0    0       0       0 0.0  [0.0 0.0 0.0 0.0 0.0]
           embedding_base_004                                          0    0       0       0 0.0  [0.0 0.0 0.0 0.0 0.0]           0    0       0       0 0.0  [0.0 0.0 0.0 0.0 0.0]
           embedding_base_005                                          0    0       0       0 0.0  [0.0 0.0 0.0 0.0 0.0]           0    0       0       0 0.0  [0.0 0.0 0.0 0.0 0.0]
           embedding_base_006                                          0    0       0       0 0.0  [0.0 0.0 0.0 0.0 0.0]           0    0       0       0 0.0  [0.0 0.0 0.0 0.0 0.0]
           embedding_base_007                                          0    0       0       0 0.0  [0.0 0.0 0.0 0.0 0.0]           0    0       0       0 0.0  [0.0 0.0 0.0 0.0 0.0]
           embedding_base_008                                          0    0       0       0 0.0  [0.0 0.0 0.0 0.0 0.0]           0    0       0       0 0.0  [0.0 0.0 0.0 0.0 0.0]
           embedding_base_009                                          0    0       0       0 0.0  [0.0 0.0 0.0 0.0 0.0]           0    0       0       0 0.0  [0.0 0.0 0.0 0.0 0.0]
           embedding_base_010                                          0    0       0       0 0.0  [0.0 0.0 0.0 0.0 0.0]           0    0       0       0 0.0  [0.0 0.0 0.0 0.0 0.0]
           embedding_node_count_01000_001                              0    0       0       0 0.0  [0.0 0.0 0.0 0.0 0.0]           0    0       0       0 0.0  [0.0 0.0 0.0 0.0 0.0]
           embedding_node_count_01000_002                              0    0       0       0 0.0  [0.0 0.0 0.0 0.0 0.0]           0    0       0       0 0.0  [0.0 0.0 0.0 0.0 0.0]
           embedding_node_count_01000_003                              0    0       0       0 0.0  [0.0 0.0 0.0 0.0 0.0]           0    0       0       0 0.0  [0.0 0.0 0.0 0.0 0.0]
           embedding_node_count_01000_004                              0    0       0       0 0.0  [0.0 0.0 0.0 0.0 0.0]           0    0       0       0 0.0  [0.0 0.0 0.0 0.0 0.0]
           embedding_node_count_01000_005                              0    0       0       0 0.0  [0.0 0.0 0.0 0.0 0.0]           0    0       0       0 0.0  [0.0 0.0 0.0 0.0 0.0]
           embedding_node_count_01000_006                              0    0       0       0 0.0  [0.0 0.0 0.0 0.0 0.0]           0    0       0       0 0.0  [0.0 0.0 0.0 0.0 0.0]
           embedding_node_count_01000_007                              0    0       0       0 0.0  [0.0 0.0 0.0 0.0 0.0]           0    0       0       0 0.0  [0.0 0.0 0.0 0.0 0.0]
           embedding_node_count_01000_008                              0    0       0       0 0.0  [0.0 0.0 0.0 0.0 0.0]           0    0       0       0 0.0  [0.0 0.0 0.0 0.0 0.0]
           embedding_node_count_01000_009                              0    0       0       0 0.0  [0.0 0.0 0.0 0.0 0.0]           0    0       0       0 0.0  [0.0 0.0 0.0 0.0 0.0]
           embedding_node_count_01000_010                              0    0       0       0 0.0  [0.0 0.0 0.0 0.0 0.0]           0    0       0       0 0.0  [0.0 0.0 0.0 0.0 0.0]
           embedding_node_count_01000_max_neg_count_10K_001            0    0       0       0 0.0  [0.0 0.0 0.0 0.0 0.0]           0    0       0       0 0.0  [0.0 0.0 0.0 0.0 0.0]

------------------------------------------------------------------------------------------------------------------------
Metric: "train_time"
                                                            process_info                                                    
                                                                    mean t_pm t_int_l t_int_h std                     values
model_name feature_name                                                                                                     
lgbm       embedding_base_001                                        2.0  0.0     2.0     2.0 0.0      [2.0 2.0 2.0 2.0 2.0]
           embedding_base_002                                        3.2  2.2     1.0     5.4 1.8      [2.0 2.0 2.0 4.0 6.0]
           embedding_base_003                                        2.0  0.0     2.0     2.0 0.0      [2.0 2.0 2.0 2.0 2.0]
           embedding_base_004                                        2.0  0.0     2.0     2.0 0.0      [2.0 2.0 2.0 2.0 2.0]
           embedding_base_005                                        2.8  2.2     0.6     5.0 1.8      [2.0 6.0 2.0 2.0 2.0]
           embedding_base_006                                        2.6  1.7     0.9     4.3 1.3      [2.0 5.0 2.0 2.0 2.0]
           embedding_base_007                                        2.6  1.7     0.9     4.3 1.3      [2.0 2.0 2.0 5.0 2.0]
           embedding_base_008                                        2.0  0.0     2.0     2.0 0.0      [2.0 2.0 2.0 2.0 2.0]
           embedding_base_009                                        2.0  0.0     2.0     2.0 0.0      [2.0 2.0 2.0 2.0 2.0]
           embedding_base_010                                        2.6  1.7     0.9     4.3 1.3      [2.0 5.0 2.0 2.0 2.0]
           embedding_node_count_01000_001                            2.6  1.7     0.9     4.3 1.3      [5.0 2.0 2.0 2.0 2.0]
           embedding_node_count_01000_002                           12.0  5.0     7.0    17.0 4.1  [9.0 19.0 10.0 10.0 12.0]
           embedding_node_count_01000_003                            5.0  1.8     3.2     6.8 1.4      [5.0 3.0 5.0 5.0 7.0]
           embedding_node_count_01000_004                            5.6  1.4     4.2     7.0 1.1      [7.0 6.0 6.0 5.0 4.0]
           embedding_node_count_01000_005                            5.6  3.0     2.6     8.6 2.4      [9.0 7.0 3.0 5.0 4.0]
           embedding_node_count_01000_006                            7.6  4.3     3.3    11.9 3.4    [9.0 5.0 10.0 3.0 11.0]
           embedding_node_count_01000_007                            2.0  0.0     2.0     2.0 0.0      [2.0 2.0 2.0 2.0 2.0]
           embedding_node_count_01000_008                            2.4  0.7     1.7     3.1 0.5      [2.0 3.0 2.0 3.0 2.0]
           embedding_node_count_01000_009                            3.0  2.2     0.8     5.2 1.7      [2.0 2.0 2.0 6.0 3.0]
           embedding_node_count_01000_010                            2.4  0.7     1.7     3.1 0.5      [2.0 2.0 3.0 2.0 3.0]
           embedding_node_count_01000_max_neg_count_10K_001          2.6  1.7     0.9     4.3 1.3      [2.0 5.0 2.0 2.0 2.0]

------------------------------------------------------------------------------------------------------------------------
Metric: "auroc_score_time"
                                                            scores_valid                                                 scores_test                                                
                                                                    mean t_pm t_int_l t_int_h std                 values        mean t_pm t_int_l t_int_h std                 values
model_name feature_name                                                                                                                                                             
lgbm       embedding_base_001                                          0    0       0       0 0.0  [0.0 0.0 0.0 0.0 0.0]           0    0       0       0 0.0  [0.0 0.0 0.0 0.0 0.0]
           embedding_base_002                                          0    0       0       0 0.0  [0.0 0.0 0.0 0.0 0.0]           0    0       0       0 0.0  [0.0 0.0 0.0 0.0 0.0]
           embedding_base_003                                          0    0       0       0 0.0  [0.0 0.0 0.0 0.0 0.0]           0    0       0       0 0.0  [0.0 0.0 0.0 0.0 0.0]
           embedding_base_004                                          0    0       0       0 0.0  [0.0 0.0 0.0 0.0 0.0]           0    0       0       0 0.0  [0.0 0.0 0.0 0.0 0.0]
           embedding_base_005                                          0    0       0       0 0.0  [0.0 0.0 0.0 0.0 0.0]           0    0       0       0 0.0  [0.0 0.0 0.0 0.0 0.0]
           embedding_base_006                                          0    0       0       0 0.0  [0.0 0.0 0.0 0.0 0.0]           0    0       0       0 0.0  [0.0 0.0 0.0 0.0 0.0]
           embedding_base_007                                          0    0       0       0 0.0  [0.0 0.0 0.0 0.0 0.0]           0    0       0       0 0.0  [0.0 0.0 0.0 0.0 0.0]
           embedding_base_008                                          0    0       0       0 0.0  [0.0 0.0 0.0 0.0 0.0]           0    0       0       0 0.0  [0.0 0.0 0.0 0.0 0.0]
           embedding_base_009                                          0    0       0       0 0.0  [0.0 0.0 0.0 0.0 0.0]           0    0       0       0 0.0  [0.0 0.0 0.0 0.0 0.0]
           embedding_base_010                                          0    0       0       0 0.0  [0.0 0.0 0.0 0.0 0.0]           0    0       0       0 0.0  [0.0 0.0 0.0 0.0 0.0]
           embedding_node_count_01000_001                              0    0       0       0 0.0  [0.0 0.0 0.0 0.0 0.0]           0    0       0       0 0.0  [0.0 0.0 0.0 0.0 0.0]
           embedding_node_count_01000_002                              0    0       0       0 0.0  [0.0 0.0 0.0 0.0 0.0]           0    0       0       0 0.0  [0.0 0.0 0.0 0.0 0.0]
           embedding_node_count_01000_003                              0    0       0       0 0.0  [0.0 0.0 0.0 0.0 0.0]           0    0       0       0 0.0  [0.0 0.0 0.0 0.0 0.0]
           embedding_node_count_01000_004                              0    0       0       0 0.0  [0.0 0.0 0.0 0.0 0.0]           0    0       0       0 0.0  [0.0 0.0 0.0 0.0 0.0]
           embedding_node_count_01000_005                              0    0       0       0 0.0  [0.0 0.0 0.0 0.0 0.0]           0    0       0       0 0.0  [0.0 0.0 0.0 0.0 0.0]
           embedding_node_count_01000_006                              0    0       0       0 0.0  [0.0 0.0 0.0 0.0 0.0]           0    0       0       0 0.0  [0.0 0.0 0.0 0.0 0.0]
           embedding_node_count_01000_007                              0    0       0       0 0.0  [0.0 0.0 0.0 0.0 0.0]           0    0       0       0 0.0  [0.0 0.0 0.0 0.0 0.0]
           embedding_node_count_01000_008                              0    0       0       0 0.0  [0.0 0.0 0.0 0.0 0.0]           0    0       0       0 0.0  [0.0 0.0 0.0 0.0 0.0]
           embedding_node_count_01000_009                              0    0       0       0 0.0  [0.0 0.0 0.0 0.0 0.0]           0    0       0       0 0.0  [0.0 0.0 0.0 0.0 0.0]
           embedding_node_count_01000_010                              0    0       0       0 0.0  [0.0 0.0 0.0 0.0 0.0]           0    0       0       0 0.0  [0.0 0.0 0.0 0.0 0.0]
           embedding_node_count_01000_max_neg_count_10K_001            0    0       0       0 0.0  [0.0 0.0 0.0 0.0 0.0]           0    0       0       0 0.0  [0.0 0.0 0.0 0.0 0.0]

------------------------------------------------------------------------------------------------------------------------
Metric: "feature_fit_info"
                                                            process_info
                                                                   first
model_name feature_name                                                 
lgbm       embedding_base_001                                        nan
           embedding_base_002                                        nan
           embedding_base_003                                        nan
           embedding_base_004                                        nan
           embedding_base_005                                        nan
           embedding_base_006                                        nan
           embedding_base_007                                        nan
           embedding_base_008                                        nan
           embedding_base_009                                        nan
           embedding_base_010                                        nan
           embedding_node_count_01000_001                            nan
           embedding_node_count_01000_002                            nan
           embedding_node_count_01000_003                            nan
           embedding_node_count_01000_004                            nan
           embedding_node_count_01000_005                            nan
           embedding_node_count_01000_006                            nan
           embedding_node_count_01000_007                            nan
           embedding_node_count_01000_008                            nan
           embedding_node_count_01000_009                            nan
           embedding_node_count_01000_010                            nan
           embedding_node_count_01000_max_neg_count_10K_001          nan

------------------------------------------------------------------------------------------------------------------------
End of report.     Current time: 2020-09-22 15:00:40
------------------------------------------------------------------------------------------------------------------------
